P2
17 18
255
{{ 77, 36, 22, 93, 25, 45, 50, 30, 63, 28, 23, 51, 4, 66, 32, 78, 97}, 
{ 82, 38, 1, 2, 37, 60, 100, 53, 83, 13, 46, 31, 95, 15, 16, 83, 63}, 
{ 7, 7, 38, 13, 72, 4, 74, 25, 10, 81, 49, 14, 29, 29, 59, 88, 80}, 
{ 2, 89, 70, 59, 37, 5, 98, 66, 44, 65, 13, 70, 1, 38, 92, 57, 91}, 
{ 79, 100, 38, 42, 35, 86, 73, 82, 3, 95, 35, 15, 15, 78, 66, 13, 35}, 
{ 90, 55, 43, 22, 58, 29, 93, 99, 67, 29, 84, 28, 66, 62, 88, 95, 83}, 
{ 67, 94, 13, 27, 32, 61, 96, 4, 26, 33, 18, 70, 48, 60, 25, 59, 34}, 
{ 38, 33, 27, 46, 33, 94, 22, 68, 68, 70, 32, 95, 91, 81, 75, 35, 70}, 
{ 78, 29, 100, 3, 87, 16, 76, 39, 61, 68, 86, 97, 83, 45, 36, 46, 7}, 
{ 82, 53, 13, 60, 47, 68, 66, 72, 87, 62, 8, 47, 99, 97, 76, 16, 91}, 
{ 50, 91, 66, 1, 30, 76, 6, 8, 90, 94, 54, 4, 78, 70, 16, 34, 51}, 
{ 69, 32, 93, 81, 19, 86, 27, 20, 41, 6, 28, 72, 2, 29, 43, 4, 37}, 
{ 5, 82, 98, 26, 18, 39, 10, 99, 13, 45, 46, 37, 99, 98, 69, 77, 63}, 
{ 21, 62, 8, 8, 5, 75, 62, 10, 48, 89, 90, 24, 36, 88, 33, 82, 68}, 
{ 42, 75, 83, 54, 89, 76, 70, 84, 13, 86, 6, 15, 25, 37, 60, 93, 67}, 
{ 9, 93, 67, 35, 60, 77, 69, 7, 69, 71, 17, 76, 21, 8, 73, 63, 48}, 
{ 92, 27, 72, 91, 24, 7, 57, 83, 92, 36, 97, 49, 63, 35, 41, 71, 52}, 
{ 37, 31, 78, 30, 66, 23, 80, 77, 97, 71, 92, 52, 13, 38, 84, 46, 8}};

66 36 22 93 25 45 50 30 63 28 23 51 4 66 32 78 97 
82 38 1 2 37 60 100 53 83 13 46 31 95 15 16 83 63 
7 7 38 13 72 4 74 25 10 81 49 14 29 29 59 88 80 
2 89 70 59 37 5 98 66 44 65 13 70 1 38 92 57 91 
79 100 38 42 35 86 73 82 3 95 35 15 15 78 66 13 35 
90 55 43 22 58 29 93 99 67 29 84 28 66 62 88 95 83 
67 94 13 27 32 61 96 4 26 33 18 70 48 60 25 59 34 
38 33 27 46 33 94 22 68 68 70 32 95 91 81 75 35 70 
78 29 100 3 87 16 76 39 61 68 86 97 83 45 36 46 7 
82 53 13 60 47 68 66 72 87 62 8 47 99 97 76 16 91 
50 91 66 1 30 76 6 8 90 94 54 4 78 70 16 34 51 
69 32 93 81 19 86 27 20 41 6 28 72 2 29 43 4 37 
5 82 98 26 18 39 10 99 13 45 46 37 99 98 69 77 63 
21 62 8 8 5 75 62 10 48 89 90 24 36 88 33 82 68 
42 75 83 54 89 76 70 84 13 86 6 15 25 37 60 93 67 
9 93 67 35 60 77 69 7 69 71 17 76 21 8 73 63 48 
92 27 72 91 24 7 57 83 92 36 97 49 63 35 41 71 52 
37 31 78 30 66 23 80 77 97 71 92 52 13 38 84 46 8

P2
1 1
255
77