P2
15 18
255
60 12 51 25 61 30 82 66 36 76 99 50 94 36 93 
75 79 23 96 12 62 49 90 1 43 47 54 32 42 71 
28 97 67 64 86 24 85 34 46 5 5 73 70 42 21 
47 100 20 37 74 87 97 91 95 59 69 97 81 82 42 
60 46 9 41 4 64 37 55 44 22 45 68 46 24 15 
114 114 114 114 114 114 114 114 35 46 28 2 37 93 75 
114 37 39 60 14 1 34 114 37 76 69 93 96 59 10 
114 80 69 74 95 41 23 114 98 91 27 71 59 88 36 
114 96 7 66 24 25 65 114 30 75 46 44 77 38 23 
114 75 100 14 1 23 28 114 23 43 49 8 33 27 58 
114 31 39 42 28 85 79 114 88 67 87 35 18 97 72 
114 64 33 38 96 8 32 114 68 16 68 70 78 89 40 
114 9 6 85 8 76 70 114 69 20 1 66 7 39 92 
114 66 69 37 98 77 50 114 6 79 24 96 50 84 25 
114 42 53 25 22 7 86 114 74 67 37 15 6 40 52 
114 95 28 2 92 37 19 114 89 42 12 16 66 18 86 
114 33 70 62 57 96 49 114 38 84 28 45 58 41 43 
114 40 7 96 10 28 29 114 9 54 80 64 54 22 19 
